$ 1 0.000005 10.20027730826997 53 5 50 5e-11
v 464 352 464 80 0 0 40 5 0 0 0.5
w 464 80 496 48 0
s 496 48 688 48 0 0 false
w 688 48 752 48 0
w 752 48 784 80 0
w 496 80 496 352 0
w 496 352 528 352 0
w 528 352 528 288 0
w 528 288 544 272 0
w 544 272 576 272 0
w 576 272 592 288 0
w 592 288 592 352 0
w 592 352 608 352 0
w 608 352 608 272 0
w 608 272 592 256 0
w 592 256 528 256 0
w 528 256 512 272 0
w 512 272 512 96 0
w 512 96 768 96 0
162 784 96 784 208 2 default-led 1 0 0 0.01
w 784 208 784 240 0
162 784 240 784 336 2 default-led 1 0 0 0.01
w 784 352 752 384 0
r 784 80 496 80 0 1000
c 752 384 560 384 4 0.00001 4.99118849047143 0.001 0
g 560 384 560 320 0 0
w 464 352 496 384 0
w 496 384 560 384 0
w 784 352 736 352 0
w 768 96 784 96 0
w 736 352 736 96 0
w 784 336 752 336 0
g 752 336 752 128 0 0
